
Ton=0.1;
Toi=0.0025;
a=0.008;
b=0.5;
R=0.6;
Tl=0.167;
Tm=0.282;
Ts=0.01;
Ce=0.556;
Ks=1;
Ki=5;
ti=0.167;
Kn=7.84;
tn=0.1;

